#OH-desorption x-values
0.001603987057571199 
0.02050881509104094 
0.041538569988509466 
0.06938213296301227 
0.0941199359927814 
0.10716429694273882 
0.1205998914415018 
0.14576953171811446 
0.1652351983307368 
0.18886062921633445 
0.20355536130946927 
0.25980713243431847 
0.29760579166637297 
0.3949666922789529 
0.5093422341902876 
0.6194505812109208 
0.7111362691122878 
0.8155702493320836 
0.9488087467132857 
#OH-desorption y-values
0.3754700089525512
0.769382273948075
0.9641897940913159
0.9899731423455683
0.8452999104744852
0.6010743061772603
0.42560429722470894
0.3153088630259624
0.23437779767233657
0.2315129811996416
0.1899731423455684
0.1634735899731422
0.16060877350044744
0.12837958818263218
0.09042076991942682
0.06535362578334825
0.03813786929274854
0.017367949865711774
0.008773500447627924
#H2O-desorption x-values
0.005339104321897131 
0.036788783228416944 
0.055076096687555864 
0.07569939164945466 
0.09684588217878293 
0.11793146716105413 
0.1361511077901295 
0.1515927787450917 
0.17804101255471966 
0.19834835999125866 
0.21490494082151979 
0.23335805271431476 
0.25324202200776813 
0.2768945220253913 
0.3005495597741417 
0.3256329171924233 
0.363467950570637 
0.3937701520523899 
0.4363422835350594 
0.4964327959452695 
0.5371117800069083 
0.5863183865669432 
0.6237418845473321 
0.6828511409216194 
0.7226334599849147 
0.7837094579829269 
0.8210585158502459 
0.8745458518669951 
0.9166861461028206 
#H2O-desorption y-values
0.013070725156669516
0.18567591763652636
0.3024171888988362
0.4413607878245298
0.5373321396598029
0.6848701880035808
0.858907788719785
0.9849597135183525
0.9921217547000893
0.9985675917636525
0.9806624888093105
0.9570277529095792
0.9219337511190688
0.8961504028648164
0.8682184422560429
0.8309758281110116
0.7973142345568487
0.7414503133393014
0.6970456580125335
0.6204118173679498
0.5788719785138765
0.5172784243509401
0.4320501342882722
0.38621307072515687
0.30384959713518367
0.19283795881826304
0.17063563115487945
0.08469113697403796
0.00590868397493316