#balanced x-coordinates
0.20199988686453674
0.3010451976171926
0.4026856618206971
0.602515088354443
0.8012296954480376
1.0012379630395143
1.2025085613085416
1.4013041037713265
1.6000970354157509
1.7902155230557015
#balanced y-coordinates
2.4177922919939254
1.8147123966007148
1.3880994547740988
0.9802565564176087
0.7782975723740604
0.6582695495903188
0.5697523638784574
0.49804536732038596
0.4221366937466544
0.38615613564071616
#differential x-coordinates
0.4042430149730427
0.6040332792313747
0.8026760888200397
1.0026582482279067
1.2026652104102025
1.4014594474638067
1.6027496268705426
1.8028114162384197
2.0016422047490776
#differential y-coordinates
1.8943997946156221
1.4235317410242245
1.1060266390500102
0.9439818461096627
0.8218529848180911
0.7480451497521892
0.6910405416577823
0.6571468976950823
0.6421625408484286

